Scenario 1 :3000 passengers , Time cost: medium, Fuel cost: 0.76$/kg, Maximum flight for one week: 12 

A321: (0.76*54* 102.50966799187796+15* 102.50966799187796+1800)*15 = cant fit requirement 

A330: (0.76*84* 102.50966799187796+21* 102.50966799187796+2000) *10=$106969.2 

A350:(0.76*90* 102.50966799187796+27* 102.50966799187796+2500)*9= $110514.8 

 

Scenario 2 :1250 passengers , Time cost: high, Fuel cost: 0.88$/kg, Maximum flight for one week:5 

 

A321: (0.88*54* 102.50966799187796+20* 102.50966799187796+1800)*7 =  $61050.16948 

A330:( 0.88*84* 102.50966799187796+27* 102.50966799187796+2000 )*5=  $6172637847 

A350:(0.88*90* 102.50966799187796+34* 102.50966799187796+2500)*4= $ $56416.37767 

 

Scenario 3: 2500 passengers , Time cost: low, Fuel cost: 0.95$/kg, Maximum flight for one week: 25 

 

A321: (0.76*54* 102.50966799187796+10* 102.50966799187796+1800)*13 = $105089.9 

A330:( 0.76*84* 102.50966799187796+15* 102.50966799187796+2000) *9=  $105461.2 

A350:(0.76*90* 102.50966799187796+20* 102.50966799187796+2500)*8= $106518.15 

 
